Techniques=MonitorControls@1_MonitorControls.fx,MaskAndGlow@2_MaskAndGlow.fx,ColorProfile@3_ColorProfile.fx
TechniqueSorting=MonitorControls@1_MonitorControls.fx,MaskAndGlow@2_MaskAndGlow.fx,ColorProfile@3_ColorProfile.fx

[1_MonitorControls.fx]
brightness=1.000000
contrast=0.300000
CP=-1
CS=0
saturation=1.000000
WP=0.000000

[2_MaskAndGlow.fx]
bloom=0.110000
bsize1=0.000000
c_shape=0.050000
deconrb=0.000000
deconrby=0.000000
deconrg=0.000000
deconrgy=0.000000
deconrr=0.000000
deconrry=0.000000
decons=0.000000
double_slot=1
glow=0.014000
glow_size=3.000000
halation=0.017000
maskDark=0.000000
MaskGamma=2.200000
maskLight=0.000000
masksize=1
maskstr=0.200000
mask_layout=0
mcut=0.000000
mshift=0
sborder=0.250000
shadowMask=0
slotmask=0.180000
slotmask1=0.700000
slotwidth=2
smasksize=1
warpX=0.000000
warpY=0.000000
wclip=1.000000

[3_ColorProfile.fx]
brightness=1.000000
contrast=0.000000
CP=4
CS=0
saturation=1.000000
WP=0.000000

